free_thresh: 0.90
negate: 0
origin: [-1.000000, -18.000000, 0.0]
resolution: 0.010000
mode: trinary
occupied_thresh: 0.95
image: ./map.pgm
